1,1377459749552772 1,094075403949731
1,2611806797853307 1,0644524236983843
1,4060822898032197 1,0111310592459606
1,5670840787119853 0,9439856373429085
1,738819320214669 0,8768402154398565
1,9051878354203935 0,8116696588868941
2,1144901610017888 0,7307001795332138
2,350626118067978 0,6398563734290845
2,468694096601073 0,5885098743267505
2,7692307692307687 0,4759425493716338
2,9355992844364933 0,40682226211849193
2,6350626118067977 0,5233393177737882
2,2271914132379242 0,6852782764811491