1.1434689507494649, 1.100987878143196
1.2205567451820127, 1.0906873060433537
1.3040685224839397, 1.0765045948358394
1.3683083511777299, 1.0623052339966979
1.5289079229122051, 1.0274547800629912
1.6188436830835111, 1.0093899297478044
1.7665952890792287, 0.9784160650445608
1.9593147751605993, 0.9345220861988428
2.177730192719486, 0.8880585142053732
2.3383297644539613, 0.8545039565999601
2.473233404710921, 0.8248148884705926
2.620985010706638, 0.7925451274390554
2.80085653104925, 0.7538236341520943
2.9229122055674512, 0.7267152589248962