0.05543604066022545, 0.0794775066783342
0.13249169685990342, 0.10748381271493423
0.22422462090713907, 0.11533997136759955
0.3288001543209877, 0.12510519656308827
0.435210346215781, 0.1348804168713662
0.5287779287439613, 0.13906836913022969
0.6333534621578101, 0.1488335943257184
0.7434329710144927, 0.15127240184639312
0.8920403079710146, 0.15943840899553718
1.0186317431561998, 0.16196717253131876
1.1085300087224907, 0.16245693305801168
1.2076015666935052, 0.16483576990194848
1.2773185889694043, 0.16521558418795523
1.3763901469404187, 0.16207711877200515
