0.6192521722151713, 0.010236258908522533
0.6334755442741384, 0.05143024504539628
0.6668515083471639, 0.11833935370496862
0.7292053109440593, 0.18516059748120606
0.8204705652640827, 0.26220345601874406
0.9310543786000195, 0.339187737967392
1.0513638582446547, 0.4058332519769592
1.2247993751830517, 0.47231768036707944
1.3935048325685835, 0.5233525334374693
1.5912545152787267, 0.5639900419798884
1.8083559504051545, 0.5994142341110997
1.977260568192912, 0.6195206482475837
2.1896651371668456, 0.6343405252367469
2.402169286341892, 0.6336961827589573
2.6629698330567217, 0.6329053988089428
2.87067753587816, 0.6271209606560579
3.1217524162842913, 0.6366689446451232
3.401904715415405, 0.6306648442839013
3.5758049399589957, 0.6249829151615738
3.744842331348237, 0.6244703700087864
3.8897647173679584, 0.6188763057697937
3.976698232939568, 0.6186127111197885
