0.6144225324611929, 0.010250903055744942
0.6668515083471639, 0.11833935370496862
0.7431631358000585, 0.2675925021966217
0.829034462559797, 0.43228058186078266
0.9149721761202771, 0.5866591818803077
0.9915493507761397, 0.6946744117934194
1.0823830908913403, 0.8387288880210875
1.1636903251000683, 0.962193693253929
1.297891242799961, 1.1215805916235473
1.412873181685053, 1.2655618471151027
1.513598555110807, 1.3735038562921016
1.5999345894757393, 1.466025578443815
1.7439275602850726, 1.6047642292297177
1.8830576979400566, 1.7486722639851604
2.104291711412672, 1.8923313482378208
2.258309089134043, 1.9743385726837837
2.4460343649321485, 2.0717075075661424
2.6628370594552377, 2.1535243580982133
2.8555579420091766, 2.2251049497217608
3.0483120179634877, 2.291530801522991
3.260384652933711, 2.3578980767353315
3.472457287903934, 2.4242653519476716
3.631503465781509, 2.475329493312506
3.752111686029483, 2.4955823489212143
3.8822796055843014, 2.5312701357024308
3.9786732402616423, 2.561905691691887
