0.6192189788148004, 0.015390998730839822
0.6477653031338475, 0.08231475153763546
0.6907009665137167, 0.16465879136971573
0.7384330762471931, 0.2521429268768909
0.8099814507468515, 0.3911012398711309
0.8815630186468808, 0.5249048130430536
0.9580406131016304, 0.648384262423118
1.034485014156009, 0.7770184516255001
1.1254515278726935, 0.9004539685638968
1.24513033291028, 1.0650395391975005
1.3601454651957434, 1.203866054866738
1.4896495167431416, 1.3426486380943081
1.5759191643073318, 1.4454798398906568
1.6718812847798497, 1.543127013570243
1.7919584106218882, 1.6458557063360342
1.950705847896124, 1.7433125061017278
2.1865947476325296, 1.861153958801132
2.4225832275700476, 1.9635311920335838
2.6442819486478566, 2.0350239187737964
2.774449868202675, 2.070711705555013
2.890062481694816, 2.1167529044225324
3.1023674704676356, 2.1470370008786483
3.3097764326857364, 2.1876452211266226
3.5991233037196135, 2.253778189983403
3.7727911744606075, 2.2841794396172994
3.970607243971493, 2.3145074685150835
