1.0170506355536513, 0.9965503224459751
1.1362000080565717, 0.9964990533528155
1.2638600500239865, 0.9964441221815731
1.4681747104211755, 0.9894715255118669
1.7320787053821562, 0.9807521175966513
2.1151906660953825, 0.9650967337925578
2.387678572082514, 0.9477677803046115
2.685683838150797, 0.9321490172813464
3.085817137793012, 0.9164863093210872
3.4688558569445815, 0.9094368090116416
3.766773233138877, 0.9041451061819539
4.090266562663649, 0.8936788870212289
4.362798413587774, 0.871186403436494
4.618338222207574, 0.8452588906100654
4.80580732342375, 0.8176394977093701
4.950767022254448, 0.7848748851023
