1.0170506355536513, 0.9965503224459751
1.1277039869044088, 0.9947815387319687
1.2553933254964862, 0.9912842541628671
1.4086879140437032, 0.9791700998648692
1.630082506619206, 0.965305472243279
1.9452262981151285, 0.9359099714724116
2.3795194621139713, 0.9064632016083846
2.728647338218545, 0.8839377593209041
3.0947526083151145, 0.8665685229740467
3.3928018193203915, 0.8457862298539928
3.758921737729292, 0.8266958168082058
4.0569855970469, 0.8041923469892224
4.406113473151475, 0.7816669047017419
4.695637366379926, 0.7626094503587004
4.9766652384562144, 0.7418344813948121
