1.017079932178314, 0.9931079690481159
1.1192079657522458, 0.9930640241111219
1.2384452281291543, 0.982685694824385
1.3917398166763713, 0.9705715405263869
1.596186311884542, 0.9481083535663146
1.8262380570478522, 0.9170282968773459
2.0562312089618375, 0.8928329469840954
2.362908275930259, 0.8582775781945222
2.652490762408036, 0.8323354170557623
2.9590945878148016, 0.8063859317608368
3.257187743757073, 0.7804401085439943
3.546696988673192, 0.7631038308998823
3.8106449285711674, 0.7492208928878781
4.0490315634509955, 0.7387912945079814
4.304483482196807, 0.7231908418751303
4.6620487862042195, 0.7092676210042148
4.97706074288916, 0.6953627105237137
