1.025575953330477, 0.9948254836689627
1.1618784995733678, 0.9792763001292712
1.3238009440837297, 0.9533890701617539
1.4346447234947943, 0.929244989361663
1.6392377018262783, 0.889570035412295
1.9034053664092225, 0.849869446916347
2.235716979957447, 0.8032548550000183
2.619063313667974, 0.7600606440130515
2.9342364017885587, 0.7272227898443249
3.3005467482577666, 0.6857570797124535
3.6156758914413567, 0.6580827556405157
3.964906305732251, 0.6235090764605282
4.356690067345616, 0.5889170868901266
4.799523197433616, 0.5560243015501576
4.96137240038232, 0.538742955077288
