1.0170652838659826, 0.9948291457470455
1.1364490293662042, 0.9672390494710127
1.2985326053122104, 0.92241887581527
1.4691414990350424, 0.8758738633825149
1.639823634319531, 0.820722967455112
1.8275124602206767, 0.7672859240704729
1.9727651252980016, 0.7000977774848114
2.1945845189311126, 0.6363190255942637
2.424782747217736, 0.5880272019159991
2.646499602664528, 0.5362966869179584
2.9277911443627804, 0.4845405373733377
3.200601313221201, 0.42934569650894083
3.5585474733492264, 0.3706718814658564
3.848349684511973, 0.3189120698431531
4.197814471800168, 0.25679956348029254
4.52164471250856, 0.20674628024418729
4.862569533707598, 0.14807978935726862
4.990405355422988, 0.1273707377988712
