1.01703598724132, 0.9982714991449047
1.1106533513507575, 0.9982312162859935
1.2468387110949979, 0.9964514463377387
1.4085853758573839, 0.9912183367573763
1.5958786973255843, 0.9842530642438357
1.791682688258279, 0.9772841296522123
2.1748092972838364, 0.9599075691491893
2.6090585163456854, 0.935624329381951
3.196499785768432, 0.9112751722092217
3.502942479739553, 0.9042586306025215
3.792598207778986, 0.8697105859691139
4.039744533432941, 0.8300173216293316
4.21889339324493, 0.7800262937206346
4.415180778484559, 0.7162585280643352
