1.0255613050181456, 0.9965466603678923
1.1362439529935657, 0.9913355232560268
1.3747038294350513, 0.9723000413814822
1.553618316249739, 0.9498478406556583
1.8006621037173753, 0.9222028132083832
2.1414550901054312, 0.8790269126118306
2.3714921869564103, 0.8496680326217915
2.652710487093006, 0.8065177665718187
2.976599321050723, 0.7495797765399953
3.2749122016779637, 0.697816302839209
3.6241865609058515, 0.6580790935624328
3.9904529624380656, 0.6217769135273501
4.399258062980419, 0.5871775998007829
4.748444532334319, 0.557767450717584
4.961357752069989, 0.5404641317762175
