1.0170652838659826, 0.9948291457470455
1.0936906056710942, 0.9913538336464409
1.229890613727666, 0.9878528869992564
1.3661199184089003, 0.9809095869542129
1.6386371210206945, 0.9601382800684075
1.8174637179613944, 0.9480131395361611
1.9963049632144256, 0.934166822304985
2.1240675433681595, 0.9220636542412356
2.268836814138551, 0.91167433872025
2.405095415444448, 0.9012886852773474
2.5753966946083224, 0.8908883835221133
2.7627779059505104, 0.8735960508149954
2.8735777404245813, 0.8546155001116933
3.0014428587646345, 0.8304640951554367
3.078126773819071, 0.8201040762591139
3.1719931592381414, 0.7908037895183999
3.2317875701745713, 0.7649605044878766
3.291523387861676, 0.7460019262530715
3.351332447110437, 0.7184374645236185
3.4196521758236926, 0.6908693407160826
3.470979862232623, 0.6598661876668532
3.5563355781871984, 0.6305695630042223
3.62461136196346, 0.6081649692934752
3.7183898575085417, 0.5891917427463388
3.8207229674551124, 0.5650513240243307
3.8974654757588745, 0.5478065983322895
4.016834572946764, 0.5219376787551863
4.170231699680301, 0.49777528756468137
4.306592839172517, 0.4753413972292716
4.459975317593721, 0.45290018273769617
4.587840435933775, 0.4287487777814397
4.715690905961496, 0.4063185495241127
4.852052045453712, 0.38388465918870307
4.954355858775621, 0.3631865938645543
