0; 0,0059089651758672534
0,02641509433962264; 0,04126994525972516
0,04989517819706499; 0,07368572385278349
0,0851153039832285; 0,1267364750757043
0,12327044025157231; 0,1768296500116464
0,21425576519916145; 0,3124017295597481
0,3169811320754717; 0,45090044840437904
0,4519916142557652; 0,6276991614255762
0,5811320754716982; 0,792704693687398
0,6721174004192872; 0,9105684399021662
0,7660377358490565; 1,0284259987188444
0,8482180293501049; 1,1226971960167713
0,9274633123689727; 1,2081204140461215
1,0331236897274632; 1,3230018343815513
1,109433962264151; 1,4054798509201023
1,191614255765199; 1,4849941037735848
1,2591194968553459; 1,5497823491730722
1,3324947589098532; 1,6204609975541577
1,4; 1,6763950762869786
