0.27009108293075695, 0.3473165441025954
0.3343041297638219, 0.38812658962273794
0.4003518350778315, 0.4215902272424872
0.4994233930488459, 0.457072877645746
0.6535347054482019, 0.4873380791728077
0.7324250201288245, 0.4988024735425365
0.8370005535426732, 0.5122459002446162
0.9452454039184113, 0.5183529141590928
1.0223010601180893, 0.5261291119094407
1.0956873993558778, 0.5283680171743224
1.189254981884058, 0.5307168686798902
1.3011691492216857, 0.5294874698067633
1.3892327563070317, 0.5302845374805537
