0.15073746312684363, 0.19291578056756076
0.16519174041297932, 0.2095172760741808
0.1899705014749262, 0.22409732226566959
0.22300884955752212, 0.23871395577507948
0.26843657817109146, 0.2533854702613706
0.3200589970501474, 0.2660172417735702
0.36755162241887895, 0.2744963527017448
0.4150442477876105, 0.2809082801673869
0.46047197640117987, 0.2893782442660813
0.5348082595870206, 0.29797626397749877
0.6050147492625367, 0.30862317349248813
0.6752212389380531, 0.3172028995449452
0.7433628318584069, 0.32163911184285743
0.8218289085545721, 0.3302554252132355
0.9023598820058994, 0.33061215156296453
0.9539823008849556, 0.3349751892250349
1.0283185840707965, 0.33943884201138774
1.0985250737463126, 0.33974983421371563
1.1666666666666667, 0.344186046511628
1.238938053097345, 0.34450618554343604
1.3091445427728614, 0.3448171777457639
1.3958702064896755, 0.3472685280464659
1.3525073746312684, 0.34707644462738096