0.5149084748789047, 0.0034262720048423567
0.5636823877425038, 0.09869231162852943
0.6452017493911208, 0.1873344431246462
0.769216900328909, 0.2897633183123185
0.9717122976708535, 0.4095521894063192
1.1906803659480605, 0.4954866188128131
1.4097483807680207, 0.550878560595585
1.687718224783912, 0.6065644627982203
1.9330869872432062, 0.624757346560826
2.1719333123568987, 0.6361303485826202
2.394418018249498, 0.6474216949322309
2.6071301732951104, 0.6450896089346547
2.96053004329928, 0.6502469811897988
3.241994314587731, 0.6380770198074885
3.4906909267483295, 0.6393181860246862
3.9160819213253033, 0.6448348432374402
2.7740186893502488, 0.645922496790932
3.9782449691940363, 0.6485387445277087
3.791744720416422, 0.6408206503928726
3.628139633376919, 0.6366104839350628