0.5148862645360706, 0.010213491476780856
0.5766717365766241, 0.12930012378999844
0.6937646639977963, 0.34707906773174635
0.7913680155820797, 0.5206430982992751
0.924833667395761, 0.7351100881772386
1.0062419773302078, 0.8576883170330465
1.0942171452959255, 0.9735119886857899
1.2148489206753248, 1.1098606300987157
1.2995517647968242, 1.2256679706170226
1.4300116168802959, 1.3586719956972901
1.5506544974311123, 1.4916270273742471
1.6713640090104311, 1.6042204006353897
1.8247190228320147, 1.740732353392684
1.9683236961494448, 1.8568336543308532
2.108656045622657, 1.9729186241345857
2.2784282045224176, 2.0925441838842187
2.435177699073807, 2.1917427606802895
2.5789600551339094, 2.253546305842953
2.7161866583341583, 2.318710798472712
2.876286212929686, 2.3941704382514364
3.08542620450282, 2.4834494839905887
3.2651597021636576, 2.5590071105759336
3.490672418129301, 2.6449742022513014
3.7260243159704336, 2.724203067858041
3.886201606765879, 2.7759074394849814
3.990804918066698, 2.8103661331466503