0.5149195800503217, 0.00003266226887355117
0.5671323943293947, 0.04441088698746043
0.6748192415603419, 0.13657727729504154
0.8185571769347767, 0.21195526140158094
0.949283553132257, 0.2635126528185898
1.1127553781147554, 0.3084461361080293
1.2729881947672868, 0.3431824590551238
1.4299820030898505, 0.36772162165987465
1.6164156208389628, 0.3958013742105253
1.7930766877410882, 0.4102576944139895
2.0417510895588524, 0.4182860801031252
2.2053450714269376, 0.42588985629690423
2.382050559014732, 0.4267717375564919
2.5620283704467433, 0.42766994995051677
3.9691498338034883, 0.4279051182864064
3.239443826885619, 0.41747605583505987
3.471734399139457, 0.4322100053239497
3.730292403518379, 0.4199257260005811
3.8480960619102413, 0.42051364684030634
2.7452896108943907, 0.42519088374300873
3.036570853715496, 0.4130699157640083