0.5214420173959244, 0.0068525440096851575
0.5864331822521941, 0.14631716587315502
0.6872644369950277, 0.33347196651899624
0.8174355546216566, 0.5547098447344605
0.9313227892271126, 0.7521107991259575
1.0388430588868045, 0.8951813354730742
1.1985539324827352, 1.0894173160107172
1.368059567268487, 1.2904895094236086
1.5310871853943042, 1.4711673821518119
1.6354906036096162, 1.5667110510609246
1.7300992606351067, 1.655418507094789
1.8671370759212664, 1.7782743652360227
2.050009635369318, 1.8945716397874337
2.226404178157434, 1.9904745936541564
2.4028320364598015, 2.076196718312972
2.595643724326095, 2.155213279172033
2.8113616791019185, 2.234344157972152
3.3213222557433877, 2.3963914725348423
3.5468793923946995, 2.4687841252663336
3.749585787993568, 2.5240944113769213
3.896740414440642, 2.5553718000503
3.9752095556733815, 2.576125405692598
2.9453936946578674, 2.2757370513156903
3.1022986616090957, 2.327425091808194
3.2134466205983507, 2.3619164477387367
3.4520930526265357, 2.434374425007975
3.661332990742424, 2.4931109831234055
2.7034971491282986, 2.196475523440077
2.4910626233681112, 2.113967366038426