0.5214420173959244, 0.0068525440096851575
0.6157064141074872, 0.20076190185859133
0.7262880093544738, 0.4083273543235584
0.8337083324714123, 0.5819403782943975
0.9411175504169339, 0.7589470120012063
1.0551602574222283, 0.9088374300891351
1.2115877020025236, 1.1064506892283101
1.3289027328520364, 1.2563574384506762
1.4528290424184884, 1.3859351915261007
1.5604603637923506, 1.495069630513527
1.6615914581634441, 1.5905969682882026
1.782389811114099, 1.6760414636615923
1.9620233622321828, 1.7821415778706593
2.115578269139273, 1.8575685553805097
2.243010111149701, 1.91589683513502
2.4423664467044315, 1.994946058262955
2.5731261384161632, 2.036322620472057
2.9327819216519266, 2.1297465081312716
3.4396367520204327, 2.2408733455199887
3.6718273777315176, 2.2861497826326005
3.9073014324582385, 2.32804894114368
3.982520460189593, 2.341998996179603
2.75297068779117, 2.0779441496977107
3.557373779383793, 2.2618229247755286
3.792847834110513, 2.3037220832866083
3.08320887194322, 2.161040227939087
3.230374603561711, 2.188924006876496
3.3284665826883435, 2.2131692090613844