0.518158588380289, 0.010229822611217632
0.5994225310863144, 0.1769249780346236
0.700287101343399, 0.3538989494725584
0.784856683407894, 0.5104296068224943
0.8727763255165265, 0.6432213271550831
1.0127866250186446, 0.85772097930192
1.1202624739926683, 1.0143659545929133
1.2408942493720678, 1.1507145960058396
1.3713207859412884, 1.2938994502940144
1.5312426577941427, 1.4236568458482441
1.7434439749545723, 1.5774308077052466
2.174746622449213, 1.7764158821371137
2.4427995483896954, 1.8625952785601598
2.5997600411980084, 1.8973152703728178
2.8744797717125152, 1.9461976219690773
3.1165317896419236, 1.9779486135411233
3.299704188718234, 2.0026184252213683
3.5777406637626274, 2.0379426690081885
3.7674466053559588, 2.0660387526932764
3.9669695184819442, 2.0941838297816746