0.5181696935517061, 0.006836212875248382
0.5929667247692139, 0.14974343787799738
0.6970369878420148, 0.3470953988661831
0.794640339426298, 0.5206594294337124
0.9020384522004026, 0.7010596728764891
1.022681332751219, 0.8340147045534465
1.205465050827934, 0.9774608569926104
1.3785761646004153, 1.0767410894608653
1.6237117184599519, 1.166199777678823
1.8983759231173738, 1.232050177954928
2.2091023210897003, 1.2777185622940233
2.483899787804126, 1.3028456457384991
2.608236988713008, 1.3068598385830668
2.9125520010539026, 1.3117722438216595
3.154692860354647, 1.3163743575059523
3.521215341249941, 1.311416225090937
3.9760239349106294, 1.3272606917215302
3.675003456756789, 1.3155773981454362
3.8255303535908354, 1.3163286303295294
3.9236778585745533, 1.323605783834572