0.5149084748789047, 0.0034262720048423567
0.5539320472383508, 0.07828165980940449
0.6027281704447839, 0.16676047996115306
0.651468767794132, 0.27220734879274744
0.8112795879328158, 0.43590084170666854
0.9582010057801328, 0.5384440348353978
1.1770802326860035, 0.6515273421296452
1.3764587785835678, 0.7237893457856415
1.6576565257580094, 0.7930660180665896
1.9978338383283014, 0.8388813826156158
2.410091116842734, 0.8579071542344998
2.6064305474958376, 0.8588870223007086
2.94018536926328, 0.8673400174852013
3.296879773454503, 0.8657265014028441
3.6208287288607064, 0.8707368934480577
3.840085531594757, 0.8684374697193546
3.9611726190022543, 0.8656481119575479
0.7362382429441333, 0.36765303089523993
1.056159722849761, 0.603412553851916
1.5105130044823518, 0.7583950196572422