0.5149195800503217, 0.00003266226887355117
0.5638378601423422, 0.05118177532496171
0.6355624606011382, 0.13298769394583054
0.7432715181749194, 0.2183668647814727
0.893542996066374, 0.2971711208928558
1.063503942880224, 0.35910531513101374
1.380697252341068, 0.42856162989076596
1.681595573609322, 0.47757463056252014
1.9564152506665822, 0.49591449453505776
2.2214401665340215, 0.5074181456323466
2.404690301810252, 0.5083326891608082
2.5912238661021174, 0.5058699540877369
3.801994793634341, 0.5085188640933875
3.9230707758704213, 0.5091231160675496
2.738500649434779, 0.49981763566545556
2.9315899665864986, 0.4939939531252886
3.118090215364113, 0.5017120472601255
3.2686504277124104, 0.49228245023631123
3.4060769239981665, 0.4963619676186264
3.6089165816540385, 0.5109489368975848
3.9852449289105714, 0.5094334076218487