0.5149084748789047, 0.0034262720048423567
0.6027281704447839, 0.16676047996115306
0.6905367608392461, 0.333488297653433
0.7620836785553696, 0.4695919720498072
0.8760042286750768, 0.6568120972333964
0.9573903282666896, 0.7861775455611428
1.071433035271984, 0.9360679636490721
1.2050652646569209, 1.0996308074874983
1.3649316106526899, 1.2463562517215734
1.4889578667618952, 1.3453915171732762
1.6816362925711843, 1.4651313948639668
1.8351911994782746, 1.5405583723738172
2.0214582396561314, 1.619542270964005
2.2699549587312227, 1.6818684124286463
2.4530829371218656, 1.7201126630527679
2.603532097755993, 1.7446191633886448
3.9383403865688393, 1.8429097291100294
3.9906864629049164, 1.8465646369969873
3.8205811488626447, 1.8287473693264276
3.6929938344523787, 1.817929625875485
3.460714367369958, 1.7998020666506256
2.7670927641098277, 1.762403768790331
2.9895330493167593, 1.7872695540838177
3.2251070505862334, 1.7986262249711753