0.5214420173959244, 0.0068525440096851575
0.5929667247692139, 0.14974343787799738
0.6807864203350931, 0.3130776458343081
0.7913680155820797, 0.5206430982992751
0.9183223352215752, 0.7248965967004577
1.0290816132112344, 0.8781642933899185
1.1105121334885153, 0.9939553027737884
1.231232750239251, 1.103155066298962
1.3977436904662102, 1.219370685178189
1.6067615251537575, 1.3459794380130015
1.842069002309222, 1.4387827425636177
2.090576826555731, 1.4977152742922901
2.322767452266816, 1.5429917114049019
2.5942925951370235, 1.568102463714941
2.9051189396521027, 1.5832283604303143
3.235579227232493, 1.5984522439523083
3.4875481632373093, 1.5997097413039427
3.6773096306877253, 1.610837776309185
3.8409369280700627, 1.6082607232950565
3.978363424355818, 1.6123402406773717