0.5149084748789047, 0.0034262720048423567
0.6059782839461683, 0.17356403056752834
0.6872644369950277, 0.33347196651899624
0.8076630037746695, 0.5410864123872741
0.9313338943985296, 0.7487171893899882
1.0976005208543143, 0.9395922224605355
1.2575112875357515, 1.0727432277507347
1.4404060573266366, 1.1822532828302073
1.7018254942073465, 1.295548894872132
1.8881813757565395, 1.347383915574567
2.0974879449009296, 1.385758815274183
2.2708433724445856, 1.4103796335511176
2.4049975448861227, 1.4144428197989962
2.6111206315576307, 1.4256525104764226
2.8565671302168445, 1.420090126087245
3.046384123524345, 1.4142501124126416
3.2557906392114893, 1.4220825244885358
3.435779555814918, 1.4195871271465914
3.6320745657823528, 1.4341414341566763
3.838230967968112, 1.4351702956261954
3.978929788098087, 1.4392661441429475