0.6192521722151713, 0.010236258908522533
0.6429688567802401, 0.07717465586253969
0.6907341599140876, 0.15950405154739755
0.7526896417065312, 0.2881821731914478
0.8194747632529532, 0.4168456506882747
0.8910895245533534, 0.5454944840378788
0.9914497705750268, 0.7101386312603726
1.159358586351655, 0.8848872400663867
1.2650463731328712, 0.9721956458068921
1.3564775944547496, 1.023464805232842
1.5104949721761203, 1.105472029678805
1.6358664453773308, 1.136019720784926
1.8286537147320119, 1.1972908327638385
2.0360626769501122, 1.2378990530118126
2.3063233427706726, 1.2680074197012592
2.552502196622083, 1.2878795274821828
2.6587210778092354, 1.2927120960656053
2.8470770282143896, 1.2921409743239283
3.064410817143415, 1.2914819876989159
3.214096456116372, 1.2961827589573365
3.5135009274626574, 1.3004295616518595
3.745323635653617, 1.29972664258518
3.919190666796837, 1.29919945328517
3.99646490286049, 1.2989651469296102
