0.6054188548916692, 0.0058304526647088295
0.6486434294450238, 0.08728967508533714
0.697265814793381, 0.18038195035450055
0.7350715344550662, 0.25601072011042003
0.7891969510817594, 0.3317230473089863
0.8813595724334713, 0.41923554224138204
0.9572445850135083, 0.49505927936347804
1.1309425589002602, 0.6003973620605887
1.2993479424753427, 0.665089390990032
1.4623134270620892, 0.7297535674385931
1.598184637190489, 0.7652654805636105
1.7612553422605692, 0.8009166560930399
2.1201203227174115, 0.8491757213018873
1.9515465863689958, 0.8309044938430543
2.223457359399129, 0.8555075186224785
2.315935642200841, 0.8559810107974788
2.446493217920905, 0.8566494703386556
2.544390355614287, 0.8629534151783642
2.6695080323460147, 0.8635940222386589
2.8762241939027824, 0.8646524165121887
3.142779244331247, 0.8660171880754244
3.2352575271329584, 0.8664906802504246
3.3821347998180302, 0.8672426972342486
3.5670913654214544, 0.8681896815842491
3.7520479310248787, 0.8691366659342497
3.9315645976399662, 0.8700557978033676
3.0013418706345103, 0.8652930235724829
2.7674262141360626, 0.8640953668945413
4.0022832844883345, 0.8704178800548386
