0.6192521722151713, 0.010236258908522533
0.6480640437371863, 0.03592209313677586
0.672046275505223, 0.06162257151225159
0.7056213999804745, 0.09760324123791797
0.7391301376549839, 0.14389339060821937
0.811209606560578, 0.20037586644537653
0.9074372742360636, 0.25678512154642164
1.0229503075270916, 0.31829053988089395
1.1530518402811676, 0.3642878063067454
1.317027238113834, 0.39987308405740496
1.5196729473786976, 0.4301864688079662
1.8091525920140583, 0.47570047837547547
2.0939685638972954, 0.4954554329786194
2.4513950990920623, 0.48921702626183716
2.668695694620716, 0.4937127794591425
2.828073806502001, 0.49322952260080033
2.9922815581372646, 0.49273162159523576
3.2144449868202676, 0.49205799082300095
3.5042233720589664, 0.4911793419896515
3.7118978814800343, 0.4905496436590844
3.8422649614370785, 0.49530899150639396
3.963005955286537, 0.49494288782583196
