0.6192521722151713, 0.010236258908522533
0.6668183149467929, 0.1234940935272868
0.7336034364932149, 0.25215757102411374
0.8147447037000879, 0.40139607536854394
0.9053792834130625, 0.576378990530118
1.048907546617202, 0.7872839988284679
1.1589602655472029, 0.9467441179341987
1.297891242799961, 1.1215805916235473
1.4416850532070682, 1.2912476813433562
1.5567333788929023, 1.4249194571902761
1.7534540661915454, 1.6253539002245434
1.9648296397539782, 1.799970711705555
2.1521897881480037, 1.954041784633408
2.2867890266523476, 2.051571805135214
2.431047544664649, 2.149072537342575
2.5273084057405057, 2.200327052621302
2.633228546324319, 2.2515522796055842
2.8161573757688174, 2.3437811188128475
2.9606482475837153, 2.405198672263985
3.1340173777213707, 2.4819925802987406
3.3026232549057895, 2.5484916528360833
3.572386019720785, 2.655921116860295
3.7700029288294443, 2.7171775846919846
3.9001044615835205, 2.7631748511178365
3.9916684565068827, 2.7938250512545153
