0.6144557258615639, 0.005096163233427209
0.643234403983208, 0.035936737283998266
0.7441589378111881, 0.11295030752709101
0.8836542028702528, 0.2001562042370395
1.004063262716001, 0.25133749877965395
1.1969169188714244, 0.3022991311139309
1.3512330371961339, 0.33791369715903485
1.4911266230596505, 0.363262716001171
1.6889758859709068, 0.38843600507663734
1.9062432880991895, 0.3980864980962604
2.1572849751049494, 0.41278922190764433
2.3600966513716686, 0.4173289075466169
2.5629415210387583, 0.41671385336327216
2.8335009274626577, 0.40042956165185917
3.060460802499268, 0.4048960265547201
3.45649126232549, 0.4036952064824759
3.7414732012105825, 0.3976764619740303
3.9346255979693447, 0.402245435907449
3.992581275017085, 0.4020697061407792
