0.6144225324611929, 0.010250903055744942
0.6525617494874548, 0.08745484721273034
0.7145836180806404, 0.20582348921214466
0.776572293273455, 0.3293468710338767
0.8194747632529532, 0.4168456506882747
0.9102089231670408, 0.5763643463828951
0.9962130235282631, 0.7204334667577852
1.0919095967978132, 0.8593185590159127
1.187672556868105, 0.9878941716294047
1.2930284096456115, 1.1267499755930879
1.4560080054671483, 1.316977448013277
1.5857776042175142, 1.4145221126623058
1.6771092453382799, 1.481255491555208
1.8069452308893876, 1.5684906765596014
1.9271883237332812, 1.6454456702138045
2.0572234696866154, 1.7017524162842914
2.2113072342087277, 1.773450161085619
2.3751830518402812, 1.8244996583032311
2.568036707995704, 1.8754612906375083
2.7319789124279996, 1.916201308210485
2.8912242507078005, 1.9363370106414135
3.0359142829249244, 1.9668261251586445
3.306141755345114, 2.002089231670409
3.518479937518305, 2.0272185883042075
3.7501034853070383, 2.057444108171434
3.909415210387581, 2.067270330957727
3.9914858928048425, 2.0721761202772626
