0.6192189788148004, 0.015390998730839822
0.6669178951479059, 0.1080298740603336
0.7097539783266621, 0.20583813335936707
0.7813687396270623, 0.3344869667089716
0.872003319340037, 0.5094698818705452
0.967567119008103, 0.6689739334179432
1.0584340525236746, 0.807873669823294
1.0966728497510494, 0.8696133945133258
1.1589270721468319, 0.9518988577565164
1.202028702528556, 1.0084691984770084
1.3075173289075464, 1.1267060431514204
1.4179683686419993, 1.2243092843893388
1.5525012203456017, 1.3321487845357802
1.6919300986039245, 1.4296641608903637
1.869996094894074, 1.5270623840671675
2.0240798594161866, 1.5987601288684952
2.2169335155716094, 1.6497217612027724
2.424242897588597, 1.7057942009176998
2.646240359269745, 1.7308942692570533
2.786200331934004, 1.7459338084545541
2.9599677828761104, 1.7608708386214973
3.1916245240652152, 1.785941618666406
3.3750180611149077, 1.8060041003612222
3.5102147808259296, 1.8107488040613098
3.6695928927072146, 1.8102655472029676
3.8434599238504346, 1.8097383579029578
3.9883491164697844, 1.809299033486283
