0.6144225324611929, 0.010250903055744942
0.6620882553939276, 0.108044518207556
0.7145504246802694, 0.21097822903446195
0.7669794005662403, 0.31906667968368607
0.8433906082202479, 0.4528556087083859
0.9245982622278628, 0.5917846334081811
1.0105691691887142, 0.7410084936053889
1.0919427901981842, 0.854163819193595
1.1539978521917407, 0.967377721370692
1.2548228058186077, 1.0598555110807377
1.3797627648149955, 1.157414819876989
1.485550131797325, 1.2292590061505415
1.6009967782876109, 1.301073904129649
1.759910182563702, 1.3727570047837545
1.9140603338865565, 1.4341452699404469
2.097321097334765, 1.4748267109245334
2.26612613492141, 1.51039734452797
2.4397940056624035, 1.5407985941618665
2.647335741481988, 1.56078785512057
2.825866445377331, 1.586019720784926
3.110682417260568, 1.6057746753880697
3.3569940447134625, 1.6050278238797224
3.5790910865957235, 1.614663672752123
3.738568778678121, 1.598716196426828
3.893117250805428, 1.5982475837157082
3.9897432392853656, 1.5927999609489405
