0.6144557258615639, 0.005096163233427209
0.6429688567802401, 0.07717465586253969
0.695431026066582, 0.18010836668944608
0.7527560285072732, 0.2778726935468123
0.7907624719320512, 0.37569559699306776
0.9245650688274918, 0.5969393732304988
1.0058391096358488, 0.7255589182856585
1.0775866445377331, 0.8335887923459921
1.17351557160988, 0.9363907058478955
1.259917992775554, 1.0186029483549737
1.346419994142341, 1.0853509713950988
1.4763223664941911, 1.1622766767548565
1.649658303231475, 1.24422532461193
1.7749301962315729, 1.2902372351850042
1.9195538416479545, 1.3310358293468707
2.040095675095187, 1.3615981646002147
2.208967099482573, 1.3868593185590157
2.455112759933613, 1.4118861661622568
2.6047983989065706, 1.4165869374206772
2.812439714927267, 1.4211119789124278
3.029806697256663, 1.4152982524650977
3.2857112174167726, 1.424831592306941
3.469237528067949, 1.4242751147124864
3.6382749194571904, 1.423762569559699
3.7638455530606265, 1.4233818217319143
3.87009762764815, 1.4230596504930193
4.000531094405936, 1.4175095186956945
